dat <- c(94, 83, 88, 71, 76, 78, 76, 93, 91, 95, 100, 80, 80, 77, 97, 78, 73, 93, 90, 92, 93, 90, 76, 93, 83, 87, 88, 64, 92, 100, 84, 95, 95, 53, 95, 86, 95, 84, 95, 82, 65, 92, 84, 92, 91, 95, 71, 99, 68, 86, 83, 64, 100, 81, 91, 90)
